  67×25 table

     TestFolder     Accuracy     BestGuess    GuessScore       S1          S2           S3           S4           S5          S6           S7           S8          S9          S10         S11          S12          S13         S14         S15         S16          S17          S18          S19          S20         S21   
    ____________    _________    _________    __________    ________    _________    _________    _________    ________    _________    _________    ________    _________    ________    ________    _________    _________    ________    ________    ________    _________    _________    _________    _________    ________

    "S1/S1GL1"        0.81176      "S1"        0.81176       0.81176            0            0            0     0.12353     0.064706            0           0            0           0           0            0            0           0           0           0            0            0            0            0           0
    "S1/S1HD1"              0      "S5"        0.49398             0            0     0.060241    0.0060241     0.49398            0            0           0            0           0           0            0            0           0           0           0            0            0            0      0.42169    0.018072
    "S1/S1HD2"              0      "S12"       0.96951             0            0            0            0           0            0            0           0            0           0           0      0.96951            0           0           0           0            0            0            0     0.030488           0
    "S1/S1MK1"        0.41071      "S9"        0.42262       0.41071            0     0.011905            0           0            0       0.1369           0      0.42262           0           0            0            0           0           0           0            0            0     0.011905    0.0059524           0
    "S1/S1MK2"       0.047619      "S19"       0.78571      0.047619            0            0            0    0.059524            0            0           0            0           0           0            0            0           0           0           0      0.10714            0      0.78571            0           0
    "S1/S1MK3"       0.039773      "S9"        0.84659      0.039773    0.0056818            0    0.0056818           0      0.10227            0           0      0.84659           0           0            0            0           0           0           0            0            0            0            0           0
    "S1/S1MK4"        0.03012      "S5"        0.93976       0.03012            0            0            0     0.93976            0            0           0            0           0           0            0            0           0           0           0            0            0      0.03012            0           0
    "S1/S1MK5"        0.71006      "S1"        0.71006       0.71006            0            0            0     0.18343      0.10651            0           0            0           0           0            0            0           0           0           0            0            0            0            0           0
    "S1/S1MK6"       0.035928      "S5"        0.62874      0.035928            0     0.005988            0     0.62874            0     0.035928    0.053892            0           0           0      0.13772            0           0           0           0            0            0            0       0.1018           0
    "S1/S1MK7"        0.24571      "S3"        0.25143       0.24571     0.011429      0.25143            0    0.045714            0            0           0      0.16571           0           0            0      0.12571           0           0           0            0            0      0.15429            0           0
    "S1/S1MK8"              0      "S5"        0.49398             0            0            0            0     0.49398            0            0           0            0           0           0            0      0.10843           0           0           0            0      0.03012      0.24699            0     0.12048
    "S1/S1NM2"        0.53939      "S1"        0.53939       0.53939            0            0            0      0.1697            0     0.018182     0.22424            0           0           0            0            0           0           0           0            0            0            0     0.048485           0
    "S2/S2HD1"              0      "S20"       0.47619             0            0      0.10884            0           0            0            0           0            0           0           0            0      0.29932           0           0           0            0      0.10204            0      0.47619    0.013605
    "S2/S2GL1"              0      "S14"       0.60274             0            0            0            0           0      0.39726            0           0            0           0           0            0            0     0.60274           0           0            0            0            0            0           0
    "S2/S2NM2"              0      "S20"       0.81481             0            0    0.0061728     0.055556           0            0     0.049383           0            0    0.074074           0            0            0           0           0           0            0            0            0      0.81481           0
    "S3/S3HD1"        0.33929      "S4"        0.55952             0     0.083333      0.33929      0.55952           0            0            0           0     0.017857           0           0            0            0           0           0           0            0            0            0            0           0
    "S3/S3HD2"      0.0060606      "S13"       0.53939       0.24848     0.018182    0.0060606            0           0            0            0           0            0           0           0            0      0.53939           0           0           0      0.13333            0     0.054545            0           0
    "S3/S3MK1"              1      "S3"              1             0            0            1            0           0            0            0           0            0           0           0            0            0           0           0           0            0            0            0            0           0
    "S3/S3MK2"              1      "S3"              1             0            0            1            0           0            0            0           0            0           0           0            0            0           0           0           0            0            0            0            0           0
    "S3/S3MK3"              0      "S2"        0.72781             0      0.72781            0            0     0.21302     0.047337            0           0            0           0           0     0.011834            0           0           0           0            0            0            0            0           0
    "S3/S3MK4"        0.41317      "S3"        0.41317             0            0      0.41317            0     0.16168            0            0           0      0.16168           0      0.1497            0            0           0           0           0            0            0      0.11377            0           0
    "S3/S3MK5"              0      "S5"        0.46667             0            0            0            0     0.46667            0            0           0            0           0     0.26061      0.13939            0           0           0           0            0            0            0    0.0060606     0.12727
    "S3/S3NM3"         0.5122      "S3"         0.5122             0            0       0.5122            0           0            0            0           0            0           0           0            0            0           0           0           0            0      0.04878            0      0.41463     0.02439
    "S4/S4GL1"              0      "S9"        0.78472             0            0            0            0     0.21528            0            0           0      0.78472           0           0            0            0           0           0           0            0            0            0            0           0
    "S4/S4HD1"              0      "S10"       0.98214             0            0            0            0           0            0     0.017857           0            0     0.98214           0            0            0           0           0           0            0            0            0            0           0
    "S4/S4MK1"              0      "S11"       0.57669             0            0            0            0     0.26994            0            0           0            0           0     0.57669      0.15337            0           0           0           0            0            0            0            0           0
    "S4/S4NM2"              0      "S12"       0.70238             0            0            0            0    0.077381            0            0           0            0           0           0      0.70238            0           0     0.22024           0            0            0            0            0           0
    "S5/S5MK1"       0.023952      "S8"        0.53892             0            0            0            0    0.023952            0            0     0.53892            0           0           0      0.21557            0           0     0.22156           0            0            0            0            0           0
    "S5/S5MK2"       0.029586      "S6"        0.30178        0.2426            0            0            0    0.029586      0.30178     0.017751           0      0.27219           0           0     0.017751            0    0.088757           0    0.023669    0.0059172            0            0            0           0
    "S5/S5MK3"        0.55152      "S5"        0.55152             0            0     0.066667            0     0.55152            0            0           0      0.30303           0           0            0            0           0           0           0            0            0     0.012121            0    0.066667
    "S5/S5MK4"        0.16848      "S4"        0.72283             0            0            0      0.72283     0.16848            0            0           0            0           0           0            0            0           0           0           0            0            0            0       0.1087           0
    "S5/S5NM4"        0.72892      "S5"        0.72892             0     0.072289     0.024096     0.060241     0.72892            0            0           0     0.090361           0           0            0            0           0           0           0     0.018072            0            0    0.0060241           0
    "S6/S6MK1"              0      "S12"       0.93413      0.065868            0            0            0           0            0            0           0            0           0           0      0.93413            0           0           0           0            0            0            0            0           0
    "S6/S6MK2"       0.006135      "S12"       0.99387             0            0            0            0           0     0.006135            0           0            0           0           0      0.99387            0           0           0           0            0            0            0            0           0
    "S7/S7MK1"              0      "S5"              1             0            0            0            0           1            0            0           0            0           0           0            0            0           0           0           0            0            0            0            0           0
    "S7/S7MK2"              0      "S1"        0.90805       0.90805            0     0.028736            0           0            0            0           0    0.0057471           0           0            0     0.051724           0           0           0            0            0    0.0057471            0           0
    "S7/S7MK3"              0      "S5"        0.66871             0            0      0.20245            0     0.66871            0            0     0.12883            0           0           0            0            0           0           0           0            0            0            0            0           0
    "S7/S7HD1"              0      "S21"       0.47904             0            0      0.26347            0           0            0            0    0.095808            0           0           0            0            0           0           0           0            0     0.083832            0     0.077844     0.47904
    "S7/S7HD2"        0.22892      "S18"        0.3253             0    0.0060241    0.0060241            0           0            0      0.22892    0.054217            0           0    0.012048     0.084337     0.042169           0           0           0            0       0.3253            0      0.03012     0.21084
    "S7/S7FM1"              0      "S9"        0.44444             0            0      0.18519            0           0      0.25926            0           0      0.44444           0           0            0            0     0.04321           0           0            0            0            0            0    0.067901
    "S7/S7FM2"              0      "S14"        0.4142             0    0.0059172     0.053254            0    0.023669     0.023669            0           0      0.32544           0           0            0            0      0.4142           0           0     0.017751            0     0.023669            0     0.11243
    "S7/S7FM3"      0.0059524      "S14"       0.33929             0       0.1369      0.10119            0           0            0    0.0059524           0      0.25595           0    0.077381            0            0     0.33929           0           0            0     0.011905            0            0    0.071429
    "S7/S7NM4"              0      "S15"       0.95092             0            0            0            0           0            0            0           0            0           0           0      0.03681            0           0     0.95092           0            0            0            0      0.01227           0
    "S10/S10MK2"     0.065868      "S3"        0.61078             0            0      0.61078            0           0            0     0.005988           0            0    0.065868    0.095808      0.22156            0           0           0           0            0            0            0            0           0
    "S10/S10MK1"            0      "S12"        0.4881             0            0            0            0    0.077381      0.26786            0           0            0           0           0       0.4881            0           0           0     0.16667            0            0            0            0           0
    "S10/S10MK3"            0      "S12"       0.61538       0.21893            0            0            0     0.11834     0.035503            0    0.011834            0           0           0      0.61538            0           0           0           0            0            0            0            0           0
    "S10/S10MK4"            0      "S1"         0.8503        0.8503            0            0            0           0     0.047904            0     0.05988            0           0           0     0.041916            0           0           0           0            0            0            0            0           0
    "S10/S10NM2"     0.042424      "S11"           0.6             0            0      0.23636            0    0.024242            0            0           0            0    0.042424         0.6            0     0.030303           0           0           0            0            0            0            0    0.066667
    "S11/S11MK2"      0.93452      "S11"       0.93452             0    0.0059524     0.035714            0           0            0            0           0            0     0.02381     0.93452            0            0           0           0           0            0            0            0            0           0
    "S11/S11MK1"      0.38462      "S5"        0.61538             0            0            0            0     0.61538            0            0           0            0           0     0.38462            0            0           0           0           0            0            0            0            0           0
    "S11/S11NM3"            0      "S12"             1             0            0            0            0           0            0            0           0            0           0           0            1            0           0           0           0            0            0            0            0           0
    "S12/S12MK2"      0.36145      "S20"       0.63855             0            0            0            0           0            0            0           0            0           0           0      0.36145            0           0           0           0            0            0            0      0.63855           0
    "S12/S12MK1"      0.83929      "S12"       0.83929             0            0            0            0           0      0.13095            0           0            0           0           0      0.83929            0           0    0.029762           0            0            0            0            0           0
    "S12/S12NM2"     0.018293      "S5"        0.65244             0            0            0            0     0.65244     0.018293            0           0            0           0           0     0.018293            0    0.067073     0.15244           0            0            0            0     0.042683     0.04878
    "S13/S13MK1"    0.0060241      "S5"         0.8253             0            0            0            0      0.8253    0.0060241            0           0            0           0     0.16265            0    0.0060241           0           0           0            0            0            0            0           0
    "S14/S14HD1"            0      "S13"        0.7362             0            0      0.08589            0     0.01227            0            0           0            0           0           0            0       0.7362           0           0           0      0.15951            0            0            0    0.006135
    "S14/S14GL1"      0.13174      "S12"       0.71856             0            0            0            0           0            0            0           0     0.005988           0    0.047904      0.71856            0     0.13174           0           0            0            0            0      0.02994    0.065868
    "S14/S14MK1"      0.59036      "S14"       0.59036             0            0            0            0           0       0.1506            0           0            0           0           0    0.0060241            0     0.59036           0           0            0      0.16867            0     0.084337           0
    "S14/S14NM2"      0.17262      "S12"       0.51786             0            0    0.0059524            0           0            0     0.011905           0     0.011905           0    0.047619      0.51786            0     0.17262           0           0            0    0.0059524            0      0.14286    0.083333
    "S15/S15MK1"            0      "S21"       0.97576             0            0            0            0           0            0            0           0            0           0           0            0            0           0           0           0            0     0.024242            0            0     0.97576
    "S16/S16MK1"     0.041916      "S7"        0.45509             0            0      0.21557            0     0.21557            0      0.45509           0            0    0.047904           0            0            0           0           0    0.041916            0            0            0     0.023952           0
    "S17/S17MK1"            0      "S9"         0.5697      0.012121            0            0            0     0.41212            0            0           0       0.5697           0           0    0.0060606            0           0           0           0            0            0            0            0           0
    "S18/S18MK1"      0.43396      "S18"       0.43396             0            0    0.0062893            0           0     0.018868            0           0            0           0           0     0.012579            0     0.30818           0           0            0      0.43396            0    0.0062893     0.21384
    "S19/S19GL1"      0.50588      "S19"       0.50588             0            0            0            0     0.49412            0            0           0            0           0           0            0            0           0           0           0            0            0      0.50588            0           0
    "S19/S19MK1"      0.95808      "S19"       0.95808             0            0            0            0    0.041916            0            0           0            0           0           0            0            0           0           0           0            0            0      0.95808            0           0
    "S20/S20MK1"      0.34337      "S9"        0.41566             0            0      0.21084            0           0            0            0           0      0.41566           0           0            0    0.0060241           0           0           0            0            0            0      0.34337    0.024096
    "S21/S21MK1"      0.29268      "S13"       0.68293             0            0     0.012195            0    0.012195            0            0           0            0           0           0            0      0.68293           0           0           0            0            0            0            0     0.29268

